Match_ID,HomeTeam,AwayTeam,Predicted_Outcome,Home_Win_Prob,Draw_Prob,Away_Win_Prob,Confidence
1,Arsenal,Aston Villa,Home Win,48.101095707402585,31.441178794830936,20.45772549776649,48.101095707402585
2,Arsenal,Bournemouth,Home Win,49.643738099071506,31.501084640849047,18.855177260079472,49.643738099071506
3,Arsenal,Brentford,Home Win,49.74201698487161,30.716982325507345,19.54100068962107,49.74201698487161
4,Arsenal,Brighton,Home Win,48.82376301661763,31.10150613503116,20.074730848351233,48.82376301661763
5,Arsenal,Burnley,Home Win,49.69638856957106,30.611979723373594,19.691631707055368,49.69638856957106
6,Arsenal,Chelsea,Home Win,49.40777631377131,30.846242162323534,19.745981523905186,49.40777631377131
7,Arsenal,Crystal Palace,Home Win,48.16055409154907,31.437908828990203,20.401537079460745,48.16055409154907
8,Arsenal,Everton,Home Win,48.857420623709736,31.02607948186675,20.116499894423562,48.857420623709736
9,Arsenal,Fulham,Home Win,48.66749298598797,31.79138590746728,19.54112110654478,48.66749298598797
10,Arsenal,Leeds,Home Win,48.30161692753337,31.558148327823314,20.140234744643344,48.30161692753337
11,Arsenal,Liverpool,Home Win,46.24037595158651,32.93439891877979,20.82522512963373,46.24037595158651
12,Arsenal,Man City,Home Win,45.01398117777794,32.185221802792334,22.800797019429762,45.01398117777794
13,Arsenal,Man United,Home Win,43.86122976252652,30.060471553042085,26.078298684431424,43.86122976252652
14,Arsenal,Newcastle,Home Win,47.71262151384893,25.926791850611203,26.3605866355399,47.71262151384893
15,Arsenal,Nott'm Forest,Home Win,49.589429502487285,25.646346190120887,24.76422430739186,49.589429502487285
16,Arsenal,Sunderland,Home Win,47.73524733050662,30.74233255239982,21.522420117093596,47.73524733050662
17,Arsenal,Tottenham,Home Win,45.27119055394984,31.703687863755135,23.025121582295064,45.27119055394984
18,Arsenal,West Ham,Home Win,44.30441288717218,31.37035730542458,24.32522980740329,44.30441288717218
19,Arsenal,Wolves,Home Win,45.50455718731648,31.46754345261073,23.027899360072844,45.50455718731648
20,Aston Villa,Arsenal,Home Win,46.4673641417922,27.955649990779502,25.576985867428313,46.4673641417922
21,Aston Villa,Bournemouth,Home Win,52.4716118133049,26.49067787836786,21.037710308327277,52.4716118133049
22,Aston Villa,Brentford,Home Win,52.569890699105,25.706575563026156,21.723533737868873,52.569890699105
23,Aston Villa,Brighton,Home Win,51.92436400357832,25.7274630089136,22.34817298750813,51.92436400357832
24,Aston Villa,Burnley,Home Win,52.796989556531734,25.237936597256038,21.965073846212263,52.796989556531734
25,Aston Villa,Chelsea,Home Win,52.25592632033983,25.61027093163081,22.133802748029403,52.25592632033983
26,Aston Villa,Crystal Palace,Home Win,51.008704098117605,26.201937598297487,22.789358303584958,51.008704098117605
27,Aston Villa,Everton,Home Win,51.35557063027826,26.090108251174026,22.554321118547776,51.35557063027826
28,Aston Villa,Fulham,Home Win,51.165642992556506,26.855414676774565,21.97894233066899,51.165642992556506
29,Aston Villa,Leeds,Home Win,50.799766934101896,26.6221770971306,22.578055968767558,50.799766934101896
30,Aston Villa,Liverpool,Home Win,48.528704529583585,28.020749116658507,23.450546353757943,48.528704529583585
31,Aston Villa,Man City,Home Win,47.30230975577503,27.271572000671046,25.42611824355397,47.30230975577503
32,Aston Villa,Man United,Home Win,45.67485595957123,25.618547941396997,28.706596099031824,45.67485595957123
33,Aston Villa,Newcastle,Home Win,49.01256722302451,22.474095340465002,28.513337436510515,49.01256722302451
34,Aston Villa,Nott'm Forest,Home Win,50.78710248439015,23.01183149815651,26.20106601745339,50.78710248439015
35,Aston Villa,Sunderland,Home Win,49.27092371552511,27.899178922404094,22.829897362070845,49.27092371552511
36,Aston Villa,Tottenham,Home Win,46.83365265325404,28.958748519473694,24.207598827272307,46.83365265325404
37,Aston Villa,West Ham,Home Win,46.63989085949225,28.10319573892091,25.25691340158689,46.63989085949225
38,Aston Villa,Wolves,Home Win,47.68527325487465,28.39800093372611,23.916725811399292,47.68527325487465
39,Bournemouth,Arsenal,Home Win,46.9941339533992,27.146460331527123,25.859405715073695,46.9941339533992
40,Bournemouth,Aston Villa,Home Win,50.26715232995018,26.130186840525365,23.602660829524467,50.26715232995018
41,Bournemouth,Brentford,Home Win,52.76332717737866,24.78627479266266,22.450398029958706,52.76332717737866
42,Bournemouth,Brighton,Home Win,52.11780048185196,24.807162238550106,23.075037279597964,52.11780048185196
43,Bournemouth,Burnley,Home Win,53.23192263344485,24.254710656824518,22.513366709730672,53.23192263344485
44,Bournemouth,Chelsea,Home Win,52.83275633526638,24.526596895605568,22.640646769128097,52.83275633526638
45,Bournemouth,Crystal Palace,Home Win,51.59664522415528,25.609930228938904,22.79342454690588,51.59664522415528
46,Bournemouth,Everton,Home Win,51.09206736737154,25.732479003693566,23.17545362893496,51.09206736737154
47,Bournemouth,Fulham,Home Win,50.90213972964979,26.4977854292941,22.600074841056173,50.90213972964979
48,Bournemouth,Leeds,Home Win,50.611263671195175,26.06454784965014,23.32418847915474,50.611263671195175
49,Bournemouth,Liverpool,Home Win,47.96520126667688,27.751581407639588,24.283217325683587,47.96520126667688
50,Bournemouth,Man City,Home Win,46.93880649286831,27.25240429165212,25.808789215479617,46.93880649286831
51,Bournemouth,Man United,Home Win,46.26589815120997,25.186501444499278,28.547600404290797,46.26589815120997
52,Bournemouth,Newcastle,Home Win,48.66015703371087,21.971810748329183,29.368032217959968,48.66015703371087
53,Bournemouth,Nott'm Forest,Home Win,50.159514990111965,22.46238378545332,27.378101224434754,50.159514990111965
54,Bournemouth,Sunderland,Home Win,48.50859596150667,26.79220956467927,24.69919447381412,48.50859596150667
55,Bournemouth,Tottenham,Home Win,47.887438869123145,27.06753850722519,25.045022623651697,47.887438869123145
56,Bournemouth,West Ham,Home Win,47.50924484092913,26.588267777954467,25.902487381116458,47.50924484092913
57,Bournemouth,Wolves,Home Win,48.55462723631152,26.88307297275966,24.56229979092887,48.55462723631152
58,Brentford,Arsenal,Home Win,46.7505648590948,26.71928946317978,26.530145677725418,46.7505648590948
59,Brentford,Aston Villa,Home Win,50.023583235645795,25.703015972178022,24.27340079217619,50.023583235645795
60,Brentford,Bournemouth,Home Win,52.42147919727416,25.143206239657022,22.435314563068832,52.42147919727416
61,Brentford,Brighton,Home Win,51.874231387547574,24.379991370202767,23.745777242249684,51.874231387547574
62,Brentford,Burnley,Home Win,52.988353539140455,23.827539788477175,23.1841066723824,52.988353539140455
63,Brentford,Chelsea,Home Win,52.58918724096199,24.09942602725823,23.31138673177982,52.58918724096199
64,Brentford,Crystal Palace,Home Win,51.35307612985089,25.182759360591568,23.4641645095576,51.35307612985089
65,Brentford,Everton,Home Win,50.94849827306716,25.40530813534623,23.646193591586684,50.94849827306716
66,Brentford,Fulham,Home Win,50.75857063534539,26.17061456094676,23.070814803707897,50.75857063534539
67,Brentford,Leeds,Home Win,50.34269457689079,25.96164168718515,23.69566373592411,50.34269457689079
68,Brentford,Liverpool,Home Win,47.69663217237248,27.64867524517459,24.65469258245296,47.69663217237248
69,Brentford,Man City,Home Win,46.586904065230584,27.482831462520462,25.930264472248986,46.586904065230584
70,Brentford,Man United,Home Win,45.59193690004283,25.580899203602915,28.827163896354286,45.59193690004283
71,Brentford,Newcastle,Home Win,48.49249830355213,21.48847741499585,30.01902428145203,48.49249830355213
72,Brentford,Nott'm Forest,Home Win,49.99185625995323,21.97905045211998,28.029093287926816,49.99185625995323
73,Brentford,Sunderland,Home Win,48.905039795450506,25.994773667243372,25.100186537306186,48.905039795450506
74,Brentford,Tottenham,Home Win,48.28388270306698,26.27010260978929,25.44601468714376,48.28388270306698
75,Brentford,West Ham,Home Win,47.67491944410372,26.021601111287794,26.30347944460852,47.67491944410372
76,Brentford,Wolves,Home Win,48.72030183948612,26.316406306092986,24.96329185442093,48.72030183948612
77,Brighton,Arsenal,Home Win,47.39800858057504,26.490815210364758,26.111176209060215,47.39800858057504
78,Brighton,Aston Villa,Home Win,51.028169814268885,25.188827433648715,23.783002752082414,51.028169814268885
79,Brighton,Bournemouth,Home Win,53.42606577589725,24.62901770112771,21.944916522975053,53.42606577589725
80,Brighton,Brentford,Home Win,53.52434466169736,23.84491538578601,22.63073995251665,53.52434466169736
81,Brighton,Burnley,Home Win,53.74690837173179,23.702240138836757,22.550851489431473,53.74690837173179
82,Brighton,Chelsea,Home Win,53.30852638727882,23.986144087927737,22.705329524793477,53.30852638727882
83,Brighton,Crystal Palace,Home Win,52.072415276167725,25.069477421261073,22.85810730257126,52.072415276167725
84,Brighton,Everton,Home Win,50.43718265747922,26.096544594284126,23.466272748236708,50.43718265747922
85,Brighton,Fulham,Home Win,50.24725501975746,26.861851019884664,22.890893960357925,50.24725501975746
86,Brighton,Leeds,Home Win,49.831378961302846,26.65287814612306,23.515742892574135,49.831378961302846
87,Brighton,Liverpool,Home Win,47.18531655678455,28.339911704112502,24.474771739102984,47.18531655678455
88,Brighton,Man City,Home Win,46.07558844964266,28.17406792145838,25.75034362889901,46.07558844964266
89,Brighton,Man United,Home Win,45.08062128445491,26.272135662540823,28.647243053004313,45.08062128445491
90,Brighton,Newcastle,Home Win,48.40975411653563,21.75114244536233,29.83910343810205,48.40975411653563
91,Brighton,Nott'm Forest,Home Win,50.21119540627006,22.00213214915313,27.786672444576837,50.21119540627006
92,Brighton,Sunderland,Home Win,49.16359462804185,26.005837653966584,24.830567717991624,49.16359462804185
93,Brighton,Tottenham,Home Win,48.54243753565832,26.281166596512513,25.176395867829203,48.54243753565832
94,Brighton,West Ham,Home Win,47.933474276695065,26.03266509801101,26.033860625293965,47.933474276695065
95,Brighton,Wolves,Home Win,48.97885667207746,26.32747029281621,24.69367303510637,48.97885667207746
96,Burnley,Arsenal,Home Win,47.07225100481747,26.462406119455668,26.46534287572689,47.07225100481747
97,Burnley,Aston Villa,Home Win,50.70241223851131,25.16041834273962,24.13716941874908,50.70241223851131
98,Burnley,Bournemouth,Home Win,52.8225304223619,24.51727527688529,22.660194300752835,52.8225304223619
99,Burnley,Brentford,Home Win,52.920809308162006,23.733172961543588,23.346017730294438,52.920809308162006
100,Burnley,Brighton,Home Win,52.27528261263532,23.754060407431034,23.970656979933683,52.27528261263532
101,Burnley,Chelsea,Home Win,52.45499103374347,24.124401663685315,23.420607302571256,52.45499103374347
102,Burnley,Crystal Palace,Home Win,51.21887992263237,25.207734997018648,23.573385080349034,51.21887992263237
103,Burnley,Everton,Home Win,49.58364730394385,26.234802170041704,24.181550526014487,49.58364730394385
104,Burnley,Fulham,Home Win,49.3937196662221,27.000108595642235,23.6061717381357,49.3937196662221
105,Burnley,Leeds,Home Win,48.588954718878604,27.12446905521396,24.28657622590747,48.588954718878604
106,Burnley,Liverpool,Home Win,45.77622564769364,28.978169279870077,25.245605072436316,45.77622564769364
107,Burnley,Man City,Home Win,44.66649754055175,28.81232549721595,26.521176962232346,44.66649754055175
108,Burnley,Man United,Home Win,43.671530375364,26.910393238298397,29.418076386337646,43.671530375364
109,Burnley,Newcastle,Home Win,47.36177431855583,22.41023335445324,30.227992326990936,47.36177431855583
110,Burnley,Nott'm Forest,Home Win,49.16321560829026,22.66122305824404,28.175561333465726,49.16321560829026
111,Burnley,Sunderland,Home Win,48.11561483006204,26.664928563057494,25.219456606880513,48.11561483006204
112,Burnley,Tottenham,Home Win,47.827791071011866,26.940257505603416,25.231951423384764,47.827791071011866
113,Burnley,West Ham,Home Win,47.516807610028394,26.449331764677673,26.033860625293965,47.516807610028394
114,Burnley,Wolves,Home Win,48.5621900054108,26.744136959482866,24.69367303510637,48.5621900054108
115,Chelsea,Arsenal,Home Win,45.61944588228618,27.44713830185519,26.93341581585865,45.61944588228618
116,Chelsea,Aston Villa,Home Win,49.3478214016943,26.305864810853436,24.346313787452267,49.3478214016943
117,Chelsea,Bournemouth,Home Win,51.61793958554489,25.2127217449991,23.169338669456025,51.61793958554489
118,Chelsea,Brentford,Home Win,51.598361328487854,24.706595620133587,23.695043051378576,51.598361328487854
119,Chelsea,Brighton,Home Win,50.95283463296115,24.727483066021033,24.319682301017824,50.95283463296115
120,Chelsea,Burnley,Home Win,52.00425837185563,24.713920373184333,23.28182125496006,52.00425837185563
121,Chelsea,Crystal Palace,Home Win,49.996431942958196,26.08115765560865,23.922410401433176,49.996431942958196
122,Chelsea,Everton,Home Win,48.48619932426969,27.108224828631705,24.405575847098625,48.48619932426969
123,Chelsea,Fulham,Home Win,48.29627168654793,27.87353125423224,23.830197059219838,48.29627168654793
124,Chelsea,Leeds,Home Win,47.30539562809333,28.643725047137302,24.050879324769387,47.30539562809333
125,Chelsea,Liverpool,Home Win,44.99266655690839,30.458963733331874,24.548369709759772,44.99266655690839
126,Chelsea,Man City,Home Win,43.882938449766485,30.293119950677745,25.8239415995558,43.882938449766485
127,Chelsea,Man United,Home Win,43.00463795124541,28.668965469537973,28.326396579216656,43.00463795124541
128,Chelsea,Newcastle,Home Win,47.44641951848235,23.642164441978966,28.911416039538697,47.44641951848235
129,Chelsea,Nott'm Forest,Home Win,50.58868077256615,22.463445292531503,26.94787393490237,50.58868077256615
130,Chelsea,Sunderland,Home Win,49.938561015732,25.758420638614787,24.30301834565324,49.938561015732
131,Chelsea,Tottenham,Home Win,49.07681118275574,26.651021198432325,24.27216761881194,49.07681118275574
132,Chelsea,West Ham,Home Win,48.97931978526435,26.79342879083992,24.22725142389575,48.97931978526435
133,Chelsea,Wolves,Home Win,50.16106581701039,26.6791430765542,23.15979110643543,50.16106581701039
134,Crystal Palace,Arsenal,Home Win,45.679442911400855,27.01633936223272,27.304217726366442,45.679442911400855
135,Crystal Palace,Aston Villa,Home Win,49.40781843080897,25.87506587123097,24.717115697960065,49.40781843080897
136,Crystal Palace,Bournemouth,Home Win,51.46415456337752,24.85900613870996,23.676839297912533,51.46415456337752
137,Crystal Palace,Brentford,Home Win,51.44457630632048,24.35288001384445,24.202543679835085,51.44457630632048
138,Crystal Palace,Brighton,Home Win,50.79904961079378,24.373767459731898,24.827182929474336,50.79904961079378
139,Crystal Palace,Burnley,Home Win,51.85047334968825,24.360204766895198,23.78932188341657,51.85047334968825
140,Crystal Palace,Chelsea,Home Win,51.07875803190193,24.644108715986178,24.27713325211191,51.07875803190193
141,Crystal Palace,Everton,Home Win,48.17765239734041,26.173160015993364,25.64918758666625,48.17765239734041
142,Crystal Palace,Fulham,Home Win,48.21261792201182,27.31693866381612,24.470443414172074,48.21261792201182
143,Crystal Palace,Leeds,Home Win,46.875908530223874,28.34129912338785,24.782792346388288,46.875908530223874
144,Crystal Palace,Liverpool,Home Win,44.19954309540257,30.3383559914006,25.46210091319686,44.19954309540257
145,Crystal Palace,Man City,Home Win,43.08981498826067,30.172512208746475,26.73767280299289,43.08981498826067
146,Crystal Palace,Man United,Home Win,42.69869397691907,28.31117824042721,28.990127782653747,42.69869397691907
147,Crystal Palace,Newcastle,Home Win,47.81133593376641,22.91686278285378,29.271801283379816,47.81133593376641
148,Crystal Palace,Nott'm Forest,Home Win,50.91193052118356,21.627032522295195,27.46103695652127,50.91193052118356
149,Crystal Palace,Sunderland,Home Win,50.230560764349406,24.59611501123563,25.173324224415,50.230560764349406
150,Crystal Palace,Tottenham,Home Win,49.36881093137314,25.488715571053174,25.142473497573704,49.36881093137314
151,Crystal Palace,West Ham,Home Win,49.271319533881744,25.631123163460757,25.09755730265751,49.271319533881744
152,Crystal Palace,Wolves,Home Win,50.45306556562779,25.516837449175046,24.03009698519719,50.45306556562779
153,Everton,Arsenal,Home Win,46.023185280143224,26.945900182482895,27.030914537373896,46.023185280143224
154,Everton,Aston Villa,Home Win,50.15156079955134,25.40462669148115,24.443812508967515,50.15156079955134
155,Everton,Bournemouth,Home Win,52.726763482236436,24.079490618633802,23.193745899129777,52.726763482236436
156,Everton,Brentford,Home Win,52.7071852251794,23.573364493768292,23.719450281052325,52.7071852251794
157,Everton,Brighton,Home Win,52.061658529652696,23.594251939655734,24.344089530691576,52.061658529652696
158,Everton,Burnley,Home Win,53.113082268547174,23.580689246819038,23.306228484633813,53.113082268547174
159,Everton,Chelsea,Home Win,52.6747002840942,23.864593195910018,23.460706519995817,52.6747002840942
160,Everton,Crystal Palace,Home Win,51.355255839649736,24.572926529243354,24.07181763110693,51.355255839649736
161,Everton,Fulham,Home Win,49.456476840870735,27.106173143739966,23.437350015389317,49.456476840870735
162,Everton,Leeds,Home Win,48.110676539991886,27.775988148766228,24.113335311241894,48.110676539991886
163,Everton,Liverpool,Home Win,45.34254523215471,29.941199778683746,24.716254989161577,45.34254523215471
164,Everton,Man City,Home Win,44.232817125012815,29.775355996029624,25.991826878957603,44.232817125012815
165,Everton,Man United,Home Win,43.38931516129026,28.46138227615756,28.149302562552215,43.38931516129026
166,Everton,Newcastle,Home Win,49.375937998368485,23.145015952783265,27.479046048848264,49.375937998368485
167,Everton,Nott'm Forest,Home Win,53.50986591911896,20.652011089050077,25.838122991830982,53.50986591911896
168,Everton,Sunderland,Home Win,53.44436917815783,22.782204689101622,23.773426132740585,53.44436917815783
169,Everton,Tottenham,Home Win,50.810525507646545,24.937795444997594,24.251679047355875,50.810525507646545
170,Everton,West Ham,Home Win,50.34470799182903,25.159928867131008,24.495363141039974,50.34470799182903
171,Everton,Wolves,Home Win,51.52645402357506,25.045643152845297,23.427902823579654,51.52645402357506
172,Fulham,Arsenal,Home Win,45.78317594307505,27.550322720728964,26.666501336195992,45.78317594307505
173,Fulham,Aston Villa,Home Win,49.91155146248318,26.00904922972721,24.079399307789604,49.91155146248318
174,Fulham,Bournemouth,Home Win,52.48675414516827,24.683913156879868,22.829332697951873,52.48675414516827
175,Fulham,Brentford,Home Win,52.654675888111235,24.052787032014354,23.29253707987442,52.654675888111235
176,Fulham,Brighton,Home Win,51.736421919857264,23.937310841538164,24.32626723860458,51.736421919857264
177,Fulham,Burnley,Home Win,52.662845658751735,23.7570814820348,23.580072859213477,52.662845658751735
178,Fulham,Chelsea,Home Win,52.0655351028702,23.562414002554352,24.372050894575484,52.0655351028702
179,Fulham,Crystal Palace,Home Win,50.746090658425736,24.270747335887684,24.983162005686594,50.746090658425736
180,Fulham,Everton,Home Win,49.18109613497532,25.291465302561534,25.527438562463157,49.18109613497532
181,Fulham,Leeds,Home Win,47.70151135876789,27.47380895541057,24.82467968582156,47.70151135876789
182,Fulham,Liverpool,Home Win,44.93338005093071,29.63902058532808,25.427599363741244,44.93338005093071
183,Fulham,Man City,Home Win,43.82365194378882,29.47317680267395,26.70317125353727,43.82365194378882
184,Fulham,Man United,Home Win,43.28014998006626,28.009203082801896,28.710646937131877,43.28014998006626
185,Fulham,Newcastle,Home Win,50.530661706033385,22.42200342609426,27.047334867872387,50.530661706033385
186,Fulham,Nott'm Forest,Home Win,55.00125920720341,19.34709296795549,25.651647824841113,55.00125920720341
187,Fulham,Sunderland,Home Win,55.24131802179784,21.15982625054671,23.598855727655476,55.24131802179784
188,Fulham,Tottenham,Home Win,51.4393195893818,23.44122869475437,25.119451715863832,51.4393195893818
189,Fulham,West Ham,Home Win,51.55127985134206,23.3994732279989,25.049246920659048,51.55127985134206
190,Fulham,Wolves,Home Win,52.733025883088104,23.285187513713183,23.981786603198724,52.733025883088104
191,Leeds,Arsenal,Home Win,47.390691785083476,26.404531603346697,26.204776611569834,47.390691785083476
192,Leeds,Aston Villa,Home Win,51.40061492353922,24.888853350440183,23.710531726020598,51.40061492353922
193,Leeds,Bournemouth,Home Win,53.918674749081454,23.40657442044998,22.67475083046858,53.918674749081454
194,Leeds,Brentford,Home Win,54.08659649202443,22.775448295584464,23.137955212391127,54.08659649202443
195,Leeds,Brighton,Home Win,53.36834252377045,22.459972105108275,24.17168537112129,53.36834252377045
196,Leeds,Burnley,Home Win,54.294766262664915,22.27974274560491,23.42549099173019,54.294766262664915
197,Leeds,Chelsea,Home Win,53.85301126233893,22.157694313743505,23.98929442391759,53.85301126233893
198,Leeds,Crystal Palace,Home Win,52.950233484561146,22.407694313743505,24.642072201695363,52.950233484561146
199,Leeds,Everton,Home Win,51.587322294444085,23.25966228041736,25.15301542513859,51.587322294444085
200,Leeds,Fulham,Home Win,51.68210924768692,24.30574071178991,24.01215004052321,51.68210924768692
201,Leeds,Liverpool,Home Win,48.23047922627246,26.497910203876547,25.27161056985102,48.23047922627246
202,Leeds,Man City,Home Win,47.01658445246389,26.31123308788909,26.672182459647047,47.01658445246389
203,Leeds,Man United,Home Win,46.47308248874135,24.847259368017035,28.67965814324166,46.47308248874135
204,Leeds,Newcastle,Home Win,54.1333164369307,19.939713390963078,25.926970172106255,54.1333164369307
205,Leeds,Nott'm Forest,Home Win,58.797095756282545,16.8307120237334,24.37219221998408,58.797095756282545
206,Leeds,Sunderland,Home Win,59.55302758674998,17.998604036483346,22.448368376766695,59.55302758674998
207,Leeds,Tottenham,Home Win,55.751029154333956,20.280006480691004,23.968964364975054,55.751029154333956
208,Leeds,West Ham,Home Win,56.16298941629421,20.038251013935536,23.79875956977026,56.16298941629421
209,Leeds,Wolves,Home Win,57.13044973375453,20.352536728221253,22.517013538024226,57.13044973375453
210,Liverpool,Arsenal,Home Win,46.843399676607156,25.83187881753602,27.324721505856843,46.843399676607156
211,Liverpool,Aston Villa,Home Win,50.73290614839624,24.307450564629498,24.959643286974263,50.73290614839624
212,Liverpool,Bournemouth,Home Win,53.520196743169244,22.748248557716217,23.731554699114554,53.520196743169244
213,Liverpool,Brentford,Home Win,53.68811848611222,22.117122432850707,24.194759081037102,53.68811848611222
214,Liverpool,Brighton,Home Win,52.96986451785825,21.801646242374517,25.22848923976726,52.96986451785825
215,Liverpool,Burnley,Home Win,53.89628825675271,21.621416882871152,24.48229486037616,53.89628825675271
216,Liverpool,Chelsea,Home Win,52.99998780188127,21.86300481464611,25.137007383472653,52.99998780188127
217,Liverpool,Crystal Palace,Home Win,52.09721002410349,22.11300481464611,25.789785161250435,52.09721002410349
218,Liverpool,Everton,Home Win,51.53787026255785,22.74275055909774,25.719379178344447,51.53787026255785
219,Liverpool,Fulham,Home Win,51.632657215800684,23.78882899047029,24.578513793729066,51.632657215800684
220,Liverpool,Leeds,Home Win,50.451142629207546,24.244358281210847,25.304499089581633,50.451142629207546
221,Liverpool,Man City,Home Win,47.38398223742747,25.760988033236142,26.855029729336422,47.38398223742747
222,Liverpool,Man United,Home Win,46.96089694037158,24.30576431336409,28.73333874626437,46.96089694037158
223,Liverpool,Newcastle,Home Win,55.342465109895166,19.805449993541785,24.85208489656309,55.342465109895166
224,Liverpool,Nott'm Forest,Home Win,60.318744429247005,16.571448626312105,23.10980694444091,60.318744429247005
225,Liverpool,Sunderland,Home Win,60.69155937659756,17.71336661308803,21.59507401031443,60.69155937659756
226,Liverpool,Tottenham,Home Win,56.852473032093634,19.78048334300997,23.36704362489642,56.852473032093634
227,Liverpool,West Ham,Home Win,57.61998884960944,19.483172320698944,22.896838829691635,57.61998884960944
228,Liverpool,Wolves,Home Win,58.587449167069764,19.797458034984658,21.615092797945596,58.587449167069764
229,Man City,Arsenal,Home Win,47.776452272159766,25.324286872444073,26.89926085539619,47.776452272159766
230,Man City,Aston Villa,Home Win,51.308815886805995,23.799858619537552,24.891325493656474,51.308815886805995
231,Man City,Bournemouth,Home Win,53.76277314824564,22.573989945957607,23.663236905796758,53.76277314824564
232,Man City,Brentford,Home Win,53.930694891188615,21.942863821092093,24.126441287719306,53.930694891188615
233,Man City,Brighton,Home Win,53.637440922934644,21.648220963949242,24.71433811311614,53.637440922934644
234,Man City,Burnley,Home Win,54.48053132849577,21.217991604445874,24.301477067058375,54.48053132849577
235,Man City,Chelsea,Home Win,53.584230873624335,21.459579536220833,24.95618959015486,53.584230873624335
236,Man City,Crystal Palace,Home Win,52.68145309584658,21.709579536220836,25.60896736793264,52.68145309584658
237,Man City,Everton,Home Win,52.12211333430091,22.339325280672462,25.53856138502666,52.12211333430091
238,Man City,Fulham,Home Win,52.21690028754375,23.38540371204501,24.397696000411273,52.21690028754375
239,Man City,Leeds,Home Win,51.28652206458699,23.71706936642193,24.996408568991118,51.28652206458699
240,Man City,Liverpool,Home Win,49.0639035772626,25.36588905494751,25.57020736778992,49.0639035772626
241,Man City,Man United,Home Win,47.531604011078656,23.74250673760651,28.725889251314875,47.531604011078656
242,Man City,Newcastle,Home Win,55.50344995838002,19.138025751117546,25.358524290502483,55.50344995838002
243,Man City,Nott'm Forest,Home Win,60.178592914095496,15.977888020251493,23.843519065653034,60.178592914095496
244,Man City,Sunderland,Home Win,60.17401858405677,17.806286193507614,22.019695222435647,60.17401858405677
245,Man City,Tottenham,Home Win,55.8046292092498,19.873402923429552,24.321967867320666,55.8046292092498
246,Man City,West Ham,Home Win,56.925445892566486,19.540323502850132,23.534230604583414,56.925445892566486
247,Man City,Wolves,Home Win,57.89290621002681,19.85460921713584,22.252484572837375,57.89290621002681
248,Man United,Arsenal,Home Win,47.17238579988411,25.02855392668673,27.799060273429177,47.17238579988411
249,Man United,Aston Villa,Home Win,50.39224941453034,23.504125673780205,26.103624911689472,50.39224941453034
250,Man United,Bournemouth,Home Win,52.846206675969995,22.278257000200266,24.87553632382975,52.846206675969995
251,Man United,Brentford,Home Win,53.01412841891297,21.647130875334756,25.3387407057523,53.01412841891297
252,Man United,Brighton,Home Win,52.720874450659004,21.352488018191895,25.926637531149126,52.720874450659004
253,Man United,Burnley,Home Win,53.56396485622014,20.92225865868853,25.51377648509136,53.56396485622014
254,Man United,Chelsea,Home Win,52.66766440134869,21.163846590463493,26.168489008187855,52.66766440134869
255,Man United,Crystal Palace,Home Win,51.76488662357093,21.413846590463493,26.821266785965637,51.76488662357093
256,Man United,Everton,Home Win,51.20554686202527,22.04359233491512,26.750860803059656,51.20554686202527
257,Man United,Fulham,Home Win,51.300333815268104,23.089670766287668,25.609995418444264,51.300333815268104
258,Man United,Leeds,Home Win,51.694955592311345,23.200503087331256,25.10454132035744,51.694955592311345
259,Man United,Liverpool,Home Win,49.97233710498696,24.515989442523495,25.511673452489582,49.97233710498696
260,Man United,Man City,Home Win,48.847448854667675,24.56726658173167,26.58528456360069,48.847448854667675
261,Man United,Newcastle,Home Win,56.449853229609495,18.302298717475917,25.24784805291463,56.449853229609495
262,Man United,Nott'm Forest,Home Win,60.74999618532498,15.329660986609866,23.920342828065177,60.74999618532498
263,Man United,Sunderland,Home Win,60.24542185528625,17.491392493199314,22.26318565151446,60.24542185528625
264,Man United,Tottenham,Home Win,55.25885013452335,19.434102968998022,25.307046896478646,55.25885013452335
265,Man United,West Ham,Home Win,56.26603045420367,19.12943263932769,24.604536906468663,56.26603045420367
266,Man United,Wolves,Home Win,57.23349077166399,19.443718353613402,23.32279087472263,57.23349077166399
267,Newcastle,Arsenal,Home Win,42.72742813840654,26.813980640035485,30.458591221558017,42.72742813840654
268,Newcastle,Aston Villa,Home Win,45.19014889590989,25.975266672843244,28.83458443124689,45.19014889590989
269,Newcastle,Bournemouth,Home Win,47.64410615734956,24.8993979992633,27.45649584338717,47.64410615734956
270,Newcastle,Brentford,Home Win,47.81202790029253,24.268271874397787,27.919700225309725,47.81202790029253
271,Newcastle,Brighton,Home Win,47.518773932038556,23.97362901725493,28.50759705070655,47.518773932038556
272,Newcastle,Burnley,Home Win,48.36603100426637,23.6517329910849,27.982236004648787,48.36603100426637
273,Newcastle,Chelsea,Home Win,47.46973054939491,23.893320922859864,28.636948527745275,47.46973054939491
274,Newcastle,Crystal Palace,Home Win,46.81695277161713,24.101654256193196,29.081392972189725,46.81695277161713
275,Newcastle,Everton,Home Win,45.83648205769053,24.402530953025774,29.760986989283744,45.83648205769053
276,Newcastle,Fulham,Home Win,45.12472139188575,25.055752241541178,29.81952636657312,45.12472139188575
277,Newcastle,Leeds,Home Win,47.156843168928994,24.55229884829905,28.290857982772007,47.156843168928994
278,Newcastle,Liverpool,Home Win,45.9692529813388,24.956952527952737,29.073794490708515,45.9692529813388
279,Newcastle,Man City,Home Win,45.21481927647405,25.07072966716091,29.71445105636509,45.21481927647405
280,Newcastle,Man United,Home Win,44.66673397941817,23.990505947288852,31.34276007329303,44.66673397941817
281,Newcastle,Nott'm Forest,Home Win,56.667948041621244,17.42707747318471,25.90497448519409,56.667948041621244
282,Newcastle,Sunderland,Home Win,57.53261974332854,18.51896770993288,23.94841254673861,57.53261974332854
283,Newcastle,Tottenham,Home Win,51.76271468923231,20.525567074620486,27.711718236147238,51.76271468923231
284,Newcastle,West Ham,Home Win,53.899061675579304,20.03860507828348,26.062333246137253,53.899061675579304
285,Newcastle,Wolves,Home Win,54.616521993039626,20.602890792569195,24.780587214391222,54.616521993039626
286,Nott'm Forest,Arsenal,Home Win,39.136550803755846,29.06958857787893,31.79386061836526,39.136550803755846
287,Nott'm Forest,Aston Villa,Home Win,40.437722964928014,29.143416416706756,30.41886061836526,40.437722964928014
288,Nott'm Forest,Bournemouth,Home Win,42.87629561098306,28.367547743126813,28.75615664589016,42.87629561098306
289,Nott'm Forest,Brentford,Home Win,43.18707449678316,27.700707332547015,29.112218170669863,43.18707449678316
290,Nott'm Forest,Brighton,Home Win,42.89382052852919,27.40606447540416,29.700114996066684,42.89382052852919
291,Nott'm Forest,Burnley,Home Win,43.741077600756995,27.084168449234134,29.17475395000892,43.741077600756995
292,Nott'm Forest,Chelsea,Home Win,43.40536655647495,26.913709288316838,29.680924155208256,43.40536655647495
293,Nott'm Forest,Crystal Palace,Home Win,42.752588778697174,27.122042621650174,30.125368599652695,42.752588778697174
294,Nott'm Forest,Everton,Home Win,41.32767362032614,27.867363762927198,30.804962616746717,41.32767362032614
295,Nott'm Forest,Fulham,Home Win,40.802726141334546,27.806299337156894,31.390974521508618,40.802726141334546
296,Nott'm Forest,Leeds,Home Win,43.33392199245185,25.781020547089362,30.885057460458835,43.33392199245185
297,Nott'm Forest,Liverpool,Home Win,42.14633180486167,26.185674226743043,31.667993968395354,42.14633180486167
298,Nott'm Forest,Man City,Home Win,41.39189809999692,26.29945136595122,32.30865053405192,41.39189809999692
299,Nott'm Forest,Man United,Home Win,41.27238423151247,24.844227646079165,33.88338812240843,41.27238423151247
300,Nott'm Forest,Newcastle,Home Win,49.01532348758098,22.307301920801823,28.677374591617262,49.01532348758098
301,Nott'm Forest,Sunderland,Home Win,56.9546905030198,17.583132549811488,25.46217694716873,56.9546905030198
302,Nott'm Forest,Tottenham,Home Win,52.069650583788714,18.84813601040318,29.082213405808126,52.069650583788714
303,Nott'm Forest,West Ham,Home Win,54.72028328442142,18.50720576009793,26.772510955480683,54.72028328442142
304,Nott'm Forest,Wolves,Home Win,55.39845788759602,18.666134331526504,25.935407780877505,55.39845788759602
305,Sunderland,Arsenal,Home Win,36.51664079529604,30.23235607275609,33.25100313194791,36.51664079529604
306,Sunderland,Aston Villa,Home Win,37.60627449492974,30.22413262953264,32.16959287553765,37.60627449492974
307,Sunderland,Bournemouth,Home Win,39.390900393288035,29.277351535040268,31.33174807167172,39.390900393288035
308,Sunderland,Brentford,Home Win,39.51417927908815,28.735511124460466,31.750309596451416,39.51417927908815
309,Sunderland,Brighton,Home Win,39.87698591689478,28.505262206711553,31.617751876393697,39.87698591689478
310,Sunderland,Burnley,Home Win,40.135319250228115,28.383039984489333,31.48164076528258,40.135319250228115
311,Sunderland,Chelsea,Home Win,39.83752029385816,27.898020384011602,32.264459322130264,39.83752029385816
312,Sunderland,Crystal Palace,Home Win,38.861213104315674,28.459294893815525,32.67949200186882,38.861213104315674
313,Sunderland,Everton,Home Win,37.020988745341306,28.62004178581242,34.35896946884629,37.020988745341306
314,Sunderland,Fulham,Home Win,36.6780171336197,28.518485009255638,34.80349785712468,36.6780171336197
315,Sunderland,Leeds,Home Win,37.88816597619,24.628538942020835,37.48329508178917,37.88816597619
316,Sunderland,Liverpool,Away Win,36.531744619768645,24.64531383379573,38.82294154643565,38.82294154643565
317,Sunderland,Man City,Away Win,35.947569535593566,24.401332352314245,39.651098112092214,39.651098112092214
318,Sunderland,Man United,Away Win,36.5154506250923,22.501419089958528,40.98313028494919,40.98313028494919
319,Sunderland,Newcastle,Home Win,44.31010261786605,21.32949531425585,34.36040206787814,44.31010261786605
320,Sunderland,Nott'm Forest,Home Win,51.91226270538591,17.629056778993263,30.458680515620866,51.91226270538591
321,Sunderland,Tottenham,Home Win,49.7399710586941,18.083401857719146,32.17662708358678,49.7399710586941
322,Sunderland,West Ham,Home Win,51.469427713150765,17.854574782017067,30.67599750483221,51.469427713150765
323,Sunderland,Wolves,Home Win,51.28212612584916,17.96945573439802,30.748418139752843,51.28212612584916
324,Tottenham,Arsenal,Home Win,38.81201470118,27.228213489431862,33.95977180938818,38.81201470118
325,Tottenham,Aston Villa,Home Win,39.90859284525814,27.38963290335127,32.701774251390624,39.90859284525814
326,Tottenham,Bournemouth,Home Win,41.69321874361643,26.442851808858904,31.86392944752469,41.69321874361643
327,Tottenham,Brentford,Home Win,42.016497629416534,25.7010113982791,32.28249097230439,42.016497629416534
328,Tottenham,Brighton,Home Win,42.379304267223176,25.470762480530183,32.14993325224667,42.379304267223176
329,Tottenham,Burnley,Home Win,42.63763760055651,25.34854025830796,32.013822141135556,42.63763760055651
330,Tottenham,Chelsea,Home Win,42.339838644186564,24.863520657830232,32.796640697983236,42.339838644186564
331,Tottenham,Crystal Palace,Home Win,42.07991800926593,24.928996848306426,32.991085142427686,42.07991800926593
332,Tottenham,Everton,Home Win,40.232117892715806,25.18065283121241,34.58722927607182,40.232117892715806
333,Tottenham,Fulham,Home Win,39.84747961432753,25.29338176894134,34.85913861673116,39.84747961432753
334,Tottenham,Leeds,Home Win,41.20029775341329,21.295987594258428,37.50371465232831,41.20029775341329
335,Tottenham,Liverpool,Home Win,40.51153512715066,20.96950851777935,38.51895635507003,40.51153512715066
336,Tottenham,Man City,Away Win,39.60236004297556,20.642193702964533,39.755446254059926,39.755446254059926
337,Tottenham,Man United,Away Win,39.34938551750105,19.50431252617032,41.146301956328664,41.146301956328664
338,Tottenham,Newcastle,Home Win,47.37181528805258,18.14627763935654,34.48190707259095,47.37181528805258
339,Tottenham,Nott'm Forest,Home Win,54.72397537557242,14.695839104093944,30.580185520333675,54.72397537557242
340,Tottenham,Sunderland,Home Win,55.82677985588974,15.501697585778896,28.671522558331393,55.82677985588974
341,Tottenham,West Ham,Home Win,52.470590089773516,16.15164402414445,31.377765886082067,52.470590089773516
342,Tottenham,Wolves,Home Win,52.28328850247191,16.2665249765254,31.450186521002703,52.28328850247191
343,West Ham,Arsenal,Away Win,30.575224612184016,31.64087289950176,37.783902488314254,37.783902488314254
344,West Ham,Aston Villa,Away Win,31.671802756262153,31.80229231342116,36.52590493031669,36.52590493031669
345,West Ham,Bournemouth,Away Win,33.10937154506334,30.730239268656845,36.16038918627983,36.16038918627983
346,West Ham,Brentford,Away Win,33.23265043086344,30.188398858077047,36.57895071105952,36.57895071105952
347,West Ham,Brighton,Away Win,33.430377703590715,29.98195946413766,36.58766283227165,36.58766283227165
348,West Ham,Burnley,Away Win,33.72717257538559,29.398198780376973,36.874628644237454,36.874628644237454
349,West Ham,Chelsea,Away Win,33.525540819870336,27.83029036732293,38.644168812806754,38.644168812806754
350,West Ham,Crystal Palace,Away Win,33.776364995694514,27.05126106329362,39.172373941011884,39.172373941011884
351,West Ham,Everton,Away Win,32.30122000179952,26.25944662772919,41.43933337047132,41.43933337047132
352,West Ham,Fulham,Away Win,32.34943428751381,25.45741740694997,42.19314830553625,42.19314830553625
353,West Ham,Leeds,Away Win,33.3123714742186,20.616360767281062,46.071267758500355,46.071267758500355
354,West Ham,Liverpool,Away Win,32.66040538475251,20.60553825645855,46.73405635878895,46.73405635878895
355,West Ham,Man City,Away Win,31.435357284704406,20.276636140056432,48.28800657523917,48.28800657523917
356,West Ham,Man United,Away Win,32.13382714817427,19.495698744119043,48.3704741077067,48.3704741077067
357,West Ham,Newcastle,Away Win,41.01254854376743,17.608429203070603,41.379022253162006,41.379022253162006
358,West Ham,Nott'm Forest,Home Win,48.08606279795395,14.67830316780801,37.235634034238075,48.08606279795395
359,West Ham,Sunderland,Home Win,49.358521806749344,15.31276809206999,35.32871010118069,49.358521806749344
360,West Ham,Tottenham,Home Win,44.645302958604034,16.694705109301125,38.659991932094876,44.645302958604034
361,West Ham,Wolves,Home Win,45.9737134370145,15.962793618014635,38.063492944970875,45.9737134370145
362,Wolves,Arsenal,Away Win,28.84513990930519,30.70650449013335,40.44835560056149,40.44835560056149
363,Wolves,Aston Villa,Away Win,29.941718053383333,30.86792390405276,39.190358042563936,39.190358042563936
364,Wolves,Bournemouth,Away Win,31.379286842184516,29.79587085928844,38.82484229852707,38.82484229852707
365,Wolves,Brentford,Away Win,31.419232394651285,29.337363782041976,39.24340382330676,39.24340382330676
366,Wolves,Brighton,Away Win,31.61695966737856,29.13092438810258,39.25211594451888,39.25211594451888
367,Wolves,Burnley,Away Win,31.913754539173432,28.547163704341898,39.5390817564847,39.5390817564847
368,Wolves,Chelsea,Away Win,31.82045611699152,26.995921957954515,41.183621925054,41.183621925054
369,Wolves,Crystal Palace,Away Win,31.859741831277233,26.389969577002137,41.75028859172066,41.75028859172066
370,Wolves,Everton,Away Win,30.467930170715572,25.514821808104372,44.017248021180094,44.017248021180094
371,Wolves,Fulham,Away Win,30.516144456429856,24.712792587325154,44.771062956245025,44.771062956245025
372,Wolves,Leeds,Away Win,31.109769473822478,19.94475182067212,48.94547870550542,48.94547870550542
373,Wolves,Liverpool,Away Win,30.90224782880083,19.944030319950617,49.15372185124856,49.15372185124856
374,Wolves,Man City,Away Win,29.67719972875273,19.6151282035485,50.70767206769878,50.70767206769878
375,Wolves,Man United,Away Win,30.3756695922226,18.834190807611108,50.79013960016632,50.79013960016632
376,Wolves,Newcastle,Away Win,39.01193067035543,17.212217081858476,43.77585224778613,43.77585224778613
377,Wolves,Nott'm Forest,Home Win,45.84819002258116,14.012091046595888,40.13971893082297,45.84819002258116
